
355630
358309
358322
358694
360238
360269
360665
360680
360685
360746
360975
361749
361765
361853
362018
362130
362162
362307
362330
362334
362584
362616
362681
363351
363622
363659
363704
363817
364107
364281
364367
365024
365088
365338
365392
365523
365943
366088
366145
366479
366533
366670
367089
367323
367341
367970
368707
369003
369194
369442
369714
369787
370101
370198
370246
370345
370398
370475
370495
370517
370625
370745
371058
371067
371078
371088
371245
371740
371928
372086
372634
372648
372739
372821
372919
372942
373223
373235
373255
373427
373521
373594
373602
373647
373781
374000
374077
374228
374230
374413
374466
374784
374863
374975
374990
375070
375107
375432
375653
375936
376040
376082
376306
376388
376678
377040
377103
377440
377813
377966
378015
378515
378518
378522
378630
378633
378718
378818
378972
379386
379705
379769
380604
380606
380619
380623
380658
380742
380743
381295
381445
381467
381541
381564
381577
381725
381729
381844
381938
382057
382191
382192
382303
382319
382399
382518
383094
383139
383443
383633
383700
383750
383783
383893
383919
383926
383927
383928
383931
383933
383962
384128
384218
384232
384629
384749
384906
384910
385012
385102
385156
385231
385750
385873
386005
386091
386234
386433
386458
386493
386599
386760
386766
386772
387127
387184
387208
387355
387441
387477
387479
387839
387925
387972
388021
388061
388505
388555
388590
388709
388990
389346
389829
390094
390203
390205
390294
390418
390457
390459
390554
391195
391202
391207
391791
392080
392344
392455
392746
392906
393156
393377
393610
393623
393675
393805
393836
393854
394127
394135
394360
394605
394639
394680
395136
395239
395357
395482
395932
395936
396230
396692
396702
397137
397424
397435
397606
397760
397923
397938
399068
399224
399275
399769
399777
399966
400881
